95
58
96
84
77
57
61
21
91
99
16
16
65
55
27
11
52
28
38
44
77
28
34
60
78
51
60
33
65
49
25
3
74
97
16
11
31
58
57
30
16
77
4
52
96
78
17
89
93
67
99
65
75
77
98
90
82
77
74
84
22
0
100
18
93
16
70
18
83
56
68
6
68
96
50
87
72
38
67
33
27
7
31
66
70
13
55
62
2
71
14
17
80
1
17
36
95
45
26
85
28
31
58
73
50
48
43
63
71
52
78
40
32
17
75
74
36
24
72
10
50
16
22
31
49
37
21
12
59
76
36
50
82
6
87
41
42
2
37
32
36
58
0
82
45
13
79
70
71
12
33
62
28
79
70
100
0
4
73
53
34
69
77
28
53
19
42
57
18
42
73
16
45
25
50
78
71
31
15
68
25
24
47
45
18
99
56
83
88
72
29
40
7
79
24
64
55
16
6
59
97
21
36
80
91
70
52
91
3
9
13
32
80
9
68
8
92
15
19
78
96
67
50
97
96
9
50
1
33
68
44
71
6
50
33
41
96
9
10
46
80
9
20
11
36
97
45
76
36
10
86
79
16
91
32
63
52
89
46
81
23
16
12
12
85
3
94
94
45
35
3
78
60
55
84
96
31
5
5
24
18
87
24
72
49
52
66
8
15
77
70
66
25
38
1
40
100
56
3
71
54
16
2
98
24
97
63
7
83
74
45
82
68
55
47
53
18
31
13
60
68
88
17
91
16
46
99
11
93
40
55
15
49
16
13
88
3
100
64
9
57
12
60
56
82
64
23
65
28
68
18
63
25
44
20
28
75
99
72
71
52
28
27
89
81
51
52
27
31
66
0
38
59
92
96
83
61
42
17
70
37
71
40
64
57
59
68
96
37
49
87
67
6
48
87
0
59
60
31
31
19
68
76
70
54
41
22
6
70
70
56
39
50
58
2
14
18
33
56
73
82
12
42
88
47
10
20
63
20
4
85
23
58
18
96
0
6
84
36
77
14
78
23
69
50
17
83
7
19
86
59
52
29
60
38
27
75
69
87
67
4
96
11
28
50
57
0
61
50
92
82
79
54
68
71
23
42
95
18
32
13
8
23
10
73
35
54
75
68
9
93
92
75
39
40
96
54
67
27
51
80
66
7
82
37
58
65
1
29
2
31
60
12
37
98
8
37
98
73
25
81
52
1
29
51
17
29
43
67
19
95
98
68
45
37
18
53
57
46
28
12
64
95
47
24
65
73
14
56
96
11
19
61
91
59
42
69
83
85
26
26
30
9
45
11
32
71
80
20
57
27
74
10
69
7
70
19
59
57
50
78
55
86
10
100
48
45
41
69
85
1
33
33
60
5
63
94
55
14
50
96
59
3
91
14
63
2
85
19
22
75
65
96
98
100
49
100
64
56
91
8
19
34
6
8
22
3
79
82
43
23
51
1
16
98
86
56
61
82
5
14
66
86
34
4
87
58
98
72
1
7
37
98
4
94
84
68
26
91
48
39
36
83
21
91
10
22
10
10
84
68
13
96
13
35
84
76
99
0
71
54
80
61
63
56
79
63
74
23
42
38
27
77
15
8
18
25
40
78
75
20
19
91
92
29
30
26
35
70
6
74
0
63
36
79
70
9
25
43
48
14
93
28
97
10
57
70
43
90
53
59
94
41
11
91
81
36
74
14
81
62
9
8
19
55
11
2
78
90
25
22
59
52
67
21
88
61
14
40
91
17
82
4
52
19
69
52
59
17
75
32
82
97
70
41
80
32
54
58
57
79
29
69
92
4
60
35
45
70
26
75
28
56
25
58
95
88
6
58
54
82
36
37
92
71
83
45
89
56
56
80
83
69
55
55
24
94
41
58
16
39
44
10
97
44
36
62
47
91
6
77
73
19
62
82
2
37
71
0
76
98
15
71
14
46
18
93
31
25
39
83
58
4
91
90
34
24
50
72
53
36
2
62
62
90
14
12
19
35
1
76
79
5
15
77
100
4
78
12
100
38
65
65
75
24
38
11
30
77
28
99
45
65
98
91
87
32
85
93
60
44
30
45
57
2
38
89
3
83
10
50
76
83
45
11
76
95
18
8
1
74
30
74
35
51
94
14
38
9
1
49
75
68
71
23
33
7
95
77
63
21
13
70
31
24
91
86
66
99
50
47
91
66
8
41
30
26
62
44
71
69
57
42
97
33
86
33
54
79
85
38
66
55
25
8
65
68
86
48
51
71
96
49
97
88
33
74
78
29
24
59
55
37
58
67
15
28
8
88
81
